1.730999999999999872e+00
1.352000000000000313e+00
2.068999999999999950e+00
1.432500000000000107e+00
1.618999999999999773e+00
1.388500000000000512e+00
1.184000000000000163e+00
9.165000000000000924e-01
8.795000000000001705e-01
1.259000000000000341e+00
7.740000000000000213e-01
1.062000000000000277e+00
-6.254999999999997229e-01
-4.654999999999995808e-01
1.857000000000000206e+00
1.346499999999999808e+00
-1.395000000000000018e+00
1.060999999999999943e+00
9.779999999999997584e-01
1.890000000000000568e-01
8.704999999999998295e-01
-1.175499999999999989e+00
1.948999999999999844e+00
1.545500000000000540e+00
1.701000000000000512e+00
1.301499999999999879e+00
1.406500000000000306e+00
1.581999999999999851e+00
1.512000000000000455e+00
9.455000000000000071e-01
1.564499999999999780e+00
1.282499999999999751e+00
1.438500000000000334e+00
1.712500000000000355e+00
1.770999999999999908e+00
-3.514999999999997016e-01
8.479999999999998650e-01
-5.819999999999998508e-01
-9.725000000000001421e-01
1.470000000000002416e-01
9.355000000000002203e-01
1.262000000000000455e+00
1.535499999999999865e+00
-1.509999999999999787e+00
-1.147499999999999964e+00
1.326000000000000512e+00
1.426499999999999879e+00
1.065500000000000114e+00
1.299999999999999822e+00
1.777000000000000135e+00
1.358500000000000263e+00
1.622500000000000497e+00
-1.234499999999999709e+00
6.565000000000003055e-01
1.217500000000000249e+00
9.245000000000000995e-01
-1.649999999999999911e+00
1.419999999999999929e+00
1.778999999999999915e+00
1.057000000000000384e+00
1.286500000000000199e+00
8.935000000000004050e-01
1.677999999999999936e+00
9.575000000000004619e-01
9.294999999999999929e-01
1.471499999999999808e+00
7.300000000000004263e-01
1.167500000000000426e+00
5.890000000000004121e-01
1.288000000000000256e+00
1.015000000000000568e+00
1.280499999999999972e+00
1.629500000000000171e+00
9.584999999999999076e-01
1.570000000000000284e+00
1.320000000000000284e+00
-3.224999999999997868e-01
1.695500000000000007e+00
1.203000000000000291e+00
1.368000000000000327e+00
1.682999999999999829e+00
1.469500000000000028e+00
5.845000000000002416e-01
1.548000000000000043e+00
-7.099999999999972999e-02
1.341000000000000192e+00
1.342000000000000526e+00
1.240499999999999936e+00
-1.375000000000000000e+00
1.402000000000000135e+00
1.695000000000000284e+00
1.024000000000000021e+00
-1.104999999999999982e+00
7.004999999999999005e-01
1.567499999999999893e+00
1.312500000000000000e+00
3.754999999999997229e-01
-1.699999999999999289e-01
4.450000000000020606e-02
1.646500000000000519e+00
1.254500000000000171e+00
-1.600000000000001421e-01
1.522499999999999964e+00
1.507500000000000284e+00
9.750000000000005329e-01
7.184999999999996945e-01
6.410000000000000142e-01
1.136000000000000121e+00
1.708499999999999908e+00
9.844999999999997087e-01
9.299999999999997158e-01
7.724999999999999645e-01
5.464999999999999858e-01
1.649499999999999744e+00
1.669999999999999929e+00
1.403500000000000192e+00
1.323999999999999844e+00
1.284500000000000419e+00
1.512999999999999901e+00
1.525000000000000355e+00
1.256000000000000227e+00
9.679999999999999716e-01
1.616999999999999993e+00
6.630000000000002558e-01
1.578999999999999737e+00
5.229999999999996874e-01
-1.276499999999999968e+00
1.216499999999999915e+00
8.330000000000001847e-01
1.190500000000000114e+00
1.479000000000000092e+00
1.460500000000000576e+00
1.532000000000000028e+00
1.510500000000000398e+00
1.375499999999999723e+00
9.424999999999998934e-01
8.289999999999997371e-01
1.538999999999999702e+00
1.295500000000000540e+00
-8.579999999999996518e-01
1.526500000000000412e+00
1.368500000000000050e+00
1.134500000000000064e+00
1.001999999999999780e+00
1.381000000000000227e+00
9.965000000000001634e-01
1.887500000000000178e+00
5.055000000000005045e-01
1.796999999999999709e+00
4.325000000000001066e-01
1.726499999999999702e+00
1.426000000000000156e+00
1.403999999999999915e+00
1.715500000000000469e+00
1.119500000000000384e+00
2.052000000000000490e+00
1.872500000000000497e+00
1.095500000000000362e+00
1.341499999999999915e+00
1.325499999999999901e+00
1.402499999999999858e+00
1.741999999999999993e+00
1.795500000000000540e+00
7.235000000000004761e-01
8.840000000000003411e-01
7.259999999999999787e-01
1.336000000000000298e+00
1.235000000000000320e+00
1.587500000000000355e+00
1.163000000000000256e+00
1.586999999999999744e+00
9.054999999999999716e-01
1.463499999999999801e+00
-1.135000000000001563e-01
-5.499999999999616307e-03
1.113000000000000433e+00
4.634999999999998010e-01
1.242499999999999716e+00
6.779999999999999361e-01
1.250000000000000000e+00
7.435000000000000497e-01
1.616000000000000547e+00
2.675000000000000711e-01
6.899999999999995026e-02
7.899999999999973710e-02
1.367499999999999716e+00
1.088000000000000078e+00
1.719500000000000028e+00
2.029500000000000526e+00
1.602500000000000036e+00
1.059000000000000163e+00
-9.969999999999998863e-01
1.287500000000000533e+00
1.828000000000000291e+00
1.263500000000000512e+00
1.269000000000000128e+00
1.233000000000000540e+00
-1.441500000000000004e+00
1.581000000000000405e+00
1.585000000000000853e-01
